0
-3
-5
10
72
163
289
398
476
494
475
400
293
152
-1
-154
-295
-401
-477
-496
-477
-401
-295
-154
-1
152
294
400
476
494
475
400
293
152
-1
-154
-295
-401
-477
-496
-477
-401
-295
-154
-1
152
294
400
476
494
476
400
294
152
-1
-154
-295
-401
-477
-496
-477
-401
-295
-154
-1
152
294
400
476
494
476
400
293
152
-1
-154
-295
-401
-477
-496
-477
-401
-295
-154
-1
152
294
400
476
494
475
400
293
152
-1
-154
-295
-401
-477
-496
-477
-401
-295
-154
-1
152
294
400
475
494
475
400
293
152
-1
-154
-295
-401
-477
-496
-477
-401
-295
-154
-1
152
294
400
476
494
476
400
294
152
-1
-154
-295
-401
-477
-496
-477
-401
-295
-154
-1
152
294
400
476
494
475
400
293
152
-1
-154
-295
-401
-477
-496
-477
-401
-295
-154
-1
152
294
400
476
494
476
400
294
152
-1
-154
-295
-401
-477
-496
-477
-401
-295
-154
-1
152
294
400
475
494
475
400
294
152
-1
-154
